2022-06-04T01:50:41.000Z, 38.5788452, -77.3051922, 48.007, 13.637, 0.005, 0.293, nan
2022-06-04T01:50:43.000Z, 38.5788442, -77.3051915, 48.047, 13.745, 0.005, 0.155, 0.0
2022-06-04T01:50:44.000Z, 38.5788438, -77.3051868, 47.573, 13.797, 0.005, 0.047, 0.0
2022-06-04T01:50:45.000Z, 38.5788437, -77.305184, 47.353, 13.838, 0.005, 0.053, 0.0
2022-06-04T01:50:46.000Z, 38.5788445, -77.3051877, 47.949, 13.881, 0.005, 0.313, 0.0
2022-06-04T01:50:47.000Z, 38.5788448, -77.3051842, 47.191, 13.921, 0.005, 0.154, 0.0
2022-06-04T01:50:48.000Z, 38.5788456, -77.3051799, 46.574, 13.961, 0.005, 0.049, 0.0
2022-06-04T01:50:49.000Z, 38.5788452, -77.3051774, 46.321, 14.002, 0.005, 0.021, 0.0
2022-06-04T01:50:50.000Z, 38.5788444, -77.3051787, 46.744, 14.039, 0.005, 0.134, 0.0
2022-06-04T01:50:51.000Z, 38.5788448, -77.3051817, 47.134, 14.19, 0.005, 0.323, 0.0
2022-06-04T01:50:52.000Z, 38.5788447, -77.3051816, 46.89, 14.321, 0.005, 0.197, 0.0
2022-06-04T01:50:53.000Z, 38.5788443, -77.3051786, 46.438, 14.415, 0.005, 0.01, 0.0
2022-06-04T01:50:54.000Z, 38.5788435, -77.3051722, 45.524, 14.48, 0.005, 0.159, 0.0
2022-06-04T01:50:55.000Z, 38.5788428, -77.3051703, 45.373, 14.717, 0.005, 0.103, 0.0
2022-06-04T01:50:56.000Z, 38.5788425, -77.3051674, 44.959, 14.993, 0.005, 0.167, 0.0
2022-06-04T01:50:57.000Z, 38.5788418, -77.3051673, 45.089, 15.239, 0.005, 0.11, 0.0
2022-06-04T01:50:58.000Z, 38.5788414, -77.3051704, 45.373, 15.416, 0.005, 0.163, 0.0
2022-06-04T01:50:59.000Z, 38.5788418, -77.3051722, 45.475, 15.333, 0.005, 0.15, 0.0
2022-06-04T01:51:00.000Z, 38.5788419, -77.3051691, 45.117, 15.267, 0.005, 0.044, 0.0
2022-06-04T01:51:01.000Z, 38.5788413, -77.305169, 45.068, 15.173, 0.005, 0.008, 0.0
2022-06-04T01:51:02.000Z, 38.5788399, -77.3051693, 45.157, 15.081, 0.005, 0.166, 0.0
2022-06-04T01:51:03.000Z, 38.5788396, -77.3051662, 44.834, 14.964, 0.005, 0.183, 0.0
2022-06-04T01:51:04.000Z, 38.5788391, -77.3051698, 45.444, 14.831, 0.005, 0.047, 0.0
2022-06-04T01:51:05.000Z, 38.5788383, -77.3051713, 45.641, 14.701, 0.005, 0.066, 0.0
2022-06-04T01:51:06.000Z, 38.5788386, -77.3051735, 45.912, 14.592, 0.005, 0.067, 0.0
2022-06-04T01:51:07.001Z, 38.5788391, -77.3051751, 46.039, 14.49, 0.005, 0.115, 0.0
2022-06-04T01:51:08.000Z, 38.5788394, -77.305177, 46.07, 14.36, 0.005, 0.063, 0.0
2022-06-04T01:51:09.000Z, 38.5788392, -77.3051791, 46.154, 14.268, 0.005, 0.042, 0.0
2022-06-04T01:51:10.000Z, 38.5788389, -77.3051822, 46.608, 14.204, 0.005, 0.055, 0.0
2022-06-04T01:51:11.000Z, 38.5788387, -77.3051847, 46.991, 14.151, 0.005, 0.052, 0.0
2022-06-04T01:51:12.000Z, 38.5788378, -77.3051871, 47.526, 14.093, 0.005, 0.144, 0.0
2022-06-04T01:51:13.000Z, 38.5788371, -77.3051884, 47.761, 14.055, 0.005, 0.099, 0.0
2022-06-04T01:51:14.000Z, 38.5788372, -77.305189, 47.686, 13.963, 0.005, 0.061, 0.0
2022-06-04T01:51:15.000Z, 38.5788367, -77.3051898, 47.6, 13.731, 0.005, 0.048, 0.0
2022-06-04T01:51:16.000Z, 38.5788377, -77.3051905, 47.38, 13.565, 0.005, 0.122, 0.0
2022-06-04T01:51:17.000Z, 38.5788389, -77.3051911, 47.313, 13.425, 0.005, 0.107, 0.0
2022-06-04T01:51:18.000Z, 38.57884, -77.3051916, 47.203, 13.304, 0.005, 0.069, 0.0
2022-06-04T01:51:19.000Z, 38.5788407, -77.3051925, 47.216, 13.232, 0.005, 0.036, 0.0
2022-06-04T01:51:20.000Z, 38.5788411, -77.3051932, 47.18, 13.146, 0.005, 0.097, 0.0
2022-06-04T01:51:21.000Z, 38.5788413, -77.3051941, 47.256, 13.073, 0.005, 0.066, 0.0
2022-06-04T01:51:22.000Z, 38.5788423, -77.3051944, 47.141, 12.967, 0.005, 0.077, 0.0
2022-06-04T01:51:23.000Z, 38.5788429, -77.305195, 47.167, 12.859, 0.005, 0.029, 0.0
2022-06-04T01:51:24.000Z, 38.5788436, -77.3051958, 47.174, 12.749, 0.005, 0.057, 0.0
2022-06-04T01:51:25.000Z, 38.5788454, -77.3051979, 47.115, 12.616, 0.005, 0.074, 0.0
2022-06-04T01:51:26.000Z, 38.578846, -77.3051982, 46.975, 12.47, 0.005, 0.062, 0.0
2022-06-04T01:51:27.000Z, 38.5788457, -77.3051976, 46.699, 12.24, 0.005, 0.068, 0.0
2022-06-04T01:51:28.000Z, 38.5788458, -77.3051969, 46.579, 12.048, 0.005, 0.086, 0.0
2022-06-04T01:51:29.000Z, 38.5788453, -77.3051972, 46.632, 11.839, 0.005, 0.029, 0.0
2022-06-04T01:51:30.000Z, 38.5788451, -77.3051972, 46.666, 11.645, 0.005, 0.009, 0.0
2022-06-04T01:51:31.000Z, 38.5788454, -77.3051967, 46.491, 11.462, 0.005, 0.021, 0.0
2022-06-04T01:51:32.000Z, 38.5788453, -77.3051963, 46.429, 11.29, 0.005, 0.027, 0.0
2022-06-04T01:51:33.000Z, 38.5788455, -77.305196, 46.263, 11.137, 0.005, 0.098, 0.0
2022-06-04T01:51:34.000Z, 38.5788459, -77.3051953, 46.046, 10.987, 0.005, 0.029, 0.0
2022-06-04T01:51:35.000Z, 38.5788455, -77.3051943, 45.913, 10.827, 0.005, 0.017, 0.0
2022-06-04T01:51:36.000Z, 38.5788448, -77.3051936, 45.832, 10.695, 0.005, 0.028, 0.0
2022-06-04T01:51:37.000Z, 38.578844, -77.3051936, 45.863, 10.578, 0.005, 0.079, 0.0
2022-06-04T01:51:38.000Z, 38.5788433, -77.3051926, 45.969, 10.468, 0.005, 0.038, 0.0
2022-06-04T01:51:39.000Z, 38.5788434, -77.3051921, 45.933, 10.362, 0.005, 0.033, 0.0
2022-06-04T01:51:40.000Z, 38.5788428, -77.3051921, 46.055, 10.269, 0.005, 0.074, 0.0
2022-06-04T01:51:41.000Z, 38.578842, -77.3051916, 46.073, 10.183, 0.005, 0.044, 0.0
2022-06-04T01:51:42.000Z, 38.5788413, -77.3051909, 46.075, 10.108, 0.005, 0.04, 0.0
2022-06-04T01:51:43.000Z, 38.5788409, -77.3051905, 46.083, 10.033, 0.005, 0.019, 0.0
2022-06-04T01:51:44.000Z, 38.5788406, -77.3051902, 46.081, 9.962, 0.005, 0.016, 0.0
2022-06-04T01:51:45.000Z, 38.5788405, -77.3051901, 46.036, 9.923, 0.005, 0.04, 0.0
2022-06-04T01:51:46.000Z, 38.5788403, -77.3051908, 46.175, 9.86, 0.005, 0.046, 0.0
2022-06-04T01:51:47.000Z, 38.5788403, -77.3051916, 46.312, 9.808, 0.005, 0.084, 0.0
2022-06-04T01:51:48.000Z, 38.5788404, -77.3051913, 46.261, 9.764, 0.005, 0.123, 0.0
2022-06-04T01:51:49.000Z, 38.5788401, -77.3051911, 46.267, 9.713, 0.005, 0.074, 0.0
2022-06-04T01:51:50.000Z, 38.5788404, -77.3051905, 46.08, 9.683, 0.005, 0.089, 0.0
2022-06-04T01:51:51.000Z, 38.5788404, -77.3051902, 46.026, 9.655, 0.005, 0.078, 0.0
2022-06-04T01:51:52.000Z, 38.5788401, -77.3051892, 45.888, 9.62, 0.005, 0.034, 0.0
2022-06-04T01:51:53.000Z, 38.5788396, -77.3051887, 45.864, 9.582, 0.005, 0.017, 0.0
2022-06-04T01:51:54.000Z, 38.5788392, -77.3051887, 45.944, 9.579, 0.005, 0.009, 0.0
2022-06-04T01:51:55.000Z, 38.5788389, -77.3051889, 45.983, 9.58, 0.005, 0.014, 0.0
2022-06-04T01:51:56.000Z, 38.5788414, -77.3051911, 45.934, 9.587, 0.005, 0.446, 0.0
 06/12/2022, 00:00.250, 00:00.250 + '
'93, 1, 00:00.251, 251 + '
'93, 2, 00:00.251, 251 + '
'93, 3, 00:00.250, 250 + '
'93, 4, 00:00.251, 251 + '
'93, 5, 00:00.250, 250 + '
'93, 6, 00:00.251, 251 + '
'93, 7, 00:00.251, 251 + '
'93, 8, 00:00.251, 251 + '
'93, 9, 00:00.251, 251 + '
'93, 10, 00:00.251, 251 + '
'93, 11, 00:00.251, 251 + '
'93, 12, 00:00.250, 250 + '
'93, 13, 00:00.250, 250 + '
'93, 14, 00:00.250, 250 + '
'93, 15, 00:00.251, 251 + '
'93, 16, 00:00.250, 250 + '
'93, 17, 00:00.251, 251 + '
'93, 18, 00:00.250, 250 + '
'93, 19, 00:00.252, 252 + '
'93, 20, 00:00.251, 251 + '
'93, 21, 00:00.250, 250 + '
'93, 22, 00:00.251, 251 + '
'93, 23, 00:00.251, 251 + '
'93, 24, 00:00.251, 251 + '
'93, 25, 00:00.250, 250 + '
'93, 26, 00:00.251, 251 + '
'93, 27, 00:00.250, 250 + '
'93, 28, 00:00.251, 251 + '
'93, 29, 00:00.250, 250 + '
'93, 30, 00:00.251, 251 + '
'93, 31, 00:00.251, 251 + '
'93, 32, 00:00.251, 251 + '
'93, 33, 00:00.250, 250 + '
'93, 34, 00:00.251, 251 + '
'93, 35, 00:00.251, 251 + '
'93, 36, 00:00.251, 251 + '
'93, 37, 00:00.251, 251 + '
'93, 38, 00:00.251, 251 + '
'93, 39, 00:00.250, 250 + '
'93, 40, 00:00.251, 251 + '
'93, 41, 00:00.250, 250 + '
'93, 42, 00:00.251, 251 + '
'93, 43, 00:00.251, 251 + '
'93, 44, 00:00.251, 251 + '
'End Entry 
