2022-06-09T23:34:43.000Z, 38.578791, -77.305205167, 48.0, 31.74, 0.005, 0.008, nan
2022-06-09T23:34:45.000Z, 38.578791, -77.305205167, 48.0, 31.74, 0.005, 0.008, 0.0
2022-06-09T23:34:45.000Z, 38.5787917, -77.3052074, 47.647, 4.794, 0.005, 0.017, 0.0
2022-06-09T23:34:47.000Z, 38.5787918, -77.3052093, 47.385, 4.864, 0.005, 0.015, 0.0
2022-06-09T23:34:48.000Z, 38.5787915, -77.3052102, 47.29, 4.931, 0.005, 0.01, 0.0
2022-06-09T23:34:49.000Z, 38.5787916, -77.3052113, 47.15, 4.978, 0.005, 0.025, 0.0
2022-06-09T23:34:50.000Z, 38.5787922, -77.3052127, 46.845, 5.004, 0.005, 0.009, 0.0
2022-06-09T23:34:51.000Z, 38.5787923, -77.3052141, 46.554, 5.027, 0.005, 0.015, 0.0
2022-06-09T23:34:52.000Z, 38.5787926, -77.305215, 46.335, 5.061, 0.005, 0.02, 0.0
2022-06-09T23:34:53.000Z, 38.5787931, -77.305216, 46.101, 5.099, 0.005, 0.041, 0.0
2022-06-09T23:34:54.000Z, 38.5787937, -77.3052164, 45.846, 5.118, 0.005, 0.032, 0.0
2022-06-09T23:34:55.000Z, 38.5787939, -77.305217, 45.658, 5.152, 0.005, 0.038, 0.0
2022-06-09T23:34:56.000Z, 38.5787943, -77.3052174, 45.429, 5.177, 0.005, 0.028, 0.0
2022-06-09T23:34:57.000Z, 38.5787953, -77.3052178, 45.086, 5.196, 0.005, 0.021, 0.0
2022-06-09T23:34:58.000Z, 38.5787962, -77.305218, 44.818, 5.221, 0.005, 0.02, 0.0
2022-06-09T23:34:59.000Z, 38.578797, -77.3052183, 44.58, 5.251, 0.005, 0.028, 0.0
2022-06-09T23:35:00.000Z, 38.5787976, -77.3052185, 44.322, 5.279, 0.005, 0.009, 0.0
2022-06-09T23:35:01.000Z, 38.5787986, -77.3052186, 43.972, 5.298, 0.005, 0.044, 0.0
2022-06-09T23:35:02.000Z, 38.5787997, -77.3052189, 43.494, 5.258, 0.005, 0.009, 0.0
2022-06-09T23:35:03.000Z, 38.5788005, -77.3052192, 43.143, 5.244, 0.005, 0.01, 0.0
2022-06-09T23:35:04.000Z, 38.5788009, -77.3052193, 42.924, 5.237, 0.005, 0.013, 0.0
2022-06-09T23:35:05.000Z, 38.5788014, -77.3052196, 42.641, 5.23, 0.005, 0.008, 0.0
2022-06-09T23:35:06.000Z, 38.5788018, -77.3052196, 42.4, 5.236, 0.005, 0.022, 0.0
2022-06-09T23:35:07.000Z, 38.5788023, -77.30522, 42.04, 5.237, 0.005, 0.012, 0.0
2022-06-09T23:35:08.000Z, 38.5788029, -77.3052204, 41.707, 5.224, 0.005, 0.014, 0.0
2022-06-09T23:35:09.000Z, 38.5788034, -77.3052211, 41.234, 5.2, 0.005, 0.016, 0.0
2022-06-09T23:35:10.000Z, 38.5788037, -77.3052202, 40.825, 5.06, 0.005, 0.018, 0.0
2022-06-09T23:35:11.000Z, 38.5788046, -77.3052206, 40.344, 5.014, 0.005, 0.015, 0.0
2022-06-09T23:35:12.000Z, 38.5788054, -77.305221, 39.916, 4.98, 0.005, 0.013, 0.0
2022-06-09T23:35:13.000Z, 38.5788061, -77.3052213, 39.648, 4.966, 0.005, 0.011, 0.0
2022-06-09T23:35:14.000Z, 38.5788069, -77.3052213, 39.367, 4.945, 0.005, 0.022, 0.0
2022-06-09T23:35:15.000Z, 38.5788074, -77.3052213, 39.134, 4.918, 0.005, 0.023, 0.0
2022-06-09T23:35:16.000Z, 38.5788078, -77.3052212, 38.932, 4.897, 0.005, 0.001, 0.0
2022-06-09T23:35:17.000Z, 38.5788084, -77.3052214, 38.785, 4.889, 0.005, 0.031, 0.0
2022-06-09T23:35:18.000Z, 38.5788091, -77.3052214, 38.713, 4.874, 0.005, 0.02, 0.0
2022-06-09T23:35:19.000Z, 38.5788097, -77.3052218, 38.503, 4.87, 0.005, 0.018, 0.0
2022-06-09T23:35:20.000Z, 38.5788105, -77.3052222, 38.398, 4.855, 0.005, 0.015, 0.0
2022-06-09T23:35:21.000Z, 38.578811, -77.3052223, 38.323, 4.836, 0.005, 0.014, 0.0
2022-06-09T23:35:22.000Z, 38.5788113, -77.3052226, 38.25, 4.824, 0.005, 0.002, 0.0
2022-06-09T23:35:23.000Z, 38.5788117, -77.305223, 38.156, 4.827, 0.005, 0.003, 0.0
2022-06-09T23:35:24.000Z, 38.5788118, -77.3052234, 38.078, 4.824, 0.005, 0.002, 0.0
2022-06-09T23:35:25.000Z, 38.578812, -77.3052238, 38.075, 4.851, 0.005, 0.011, 0.0
2022-06-09T23:35:26.000Z, 38.5788122, -77.3052242, 38.052, 4.859, 0.005, 0.018, 0.0
2022-06-09T23:35:27.000Z, 38.578812, -77.3052244, 38.125, 4.873, 0.005, 0.01, 0.0
2022-06-09T23:35:28.000Z, 38.5788123, -77.3052251, 37.969, 4.82, 0.005, 0.007, 0.0
2022-06-09T23:35:29.000Z, 38.5788121, -77.3052249, 38.137, 4.789, 0.005, 0.009, 0.0
2022-06-09T23:35:30.000Z, 38.5788118, -77.3052248, 38.266, 4.789, 0.005, 0.014, 0.0
2022-06-09T23:35:31.000Z, 38.5788113, -77.3052248, 38.373, 4.803, 0.005, 0.007, 0.0
2022-06-09T23:35:32.000Z, 38.5788112, -77.3052248, 38.495, 4.821, 0.005, 0.02, 0.0
2022-06-09T23:35:33.000Z, 38.5788109, -77.3052246, 38.588, 4.832, 0.005, 0.009, 0.0
2022-06-09T23:35:34.000Z, 38.5788109, -77.3052247, 38.647, 4.826, 0.005, 0.03, 0.0
2022-06-09T23:35:35.000Z, 38.578811, -77.3052243, 38.665, 4.823, 0.005, 0.027, 0.0
2022-06-09T23:35:36.000Z, 38.5788105, -77.3052243, 38.709, 4.845, 0.005, 0.02, 0.0
2022-06-09T23:35:37.000Z, 38.5788107, -77.3052244, 38.67, 4.881, 0.005, 0.018, 0.0
2022-06-09T23:35:38.000Z, 38.5788106, -77.3052244, 38.602, 4.924, 0.005, 0.019, 0.0
2022-06-09T23:35:39.000Z, 38.5788107, -77.3052244, 38.487, 4.964, 0.005, 0.02, 0.0
2022-06-09T23:35:40.001Z, 38.578811, -77.305224, 38.496, 4.987, 0.005, 0.049, 0.0
2022-06-09T23:35:41.000Z, 38.5788114, -77.305224, 38.325, 5.015, 0.005, 0.021, 0.0
2022-06-09T23:35:42.000Z, 38.5788117, -77.3052238, 38.281, 5.032, 0.005, 0.003, 0.0
2022-06-09T23:35:43.000Z, 38.5788119, -77.3052232, 38.332, 5.049, 0.005, 0.004, 0.0
2022-06-09T23:35:44.000Z, 38.5788121, -77.3052226, 38.29, 5.053, 0.005, 0.024, 0.0
2022-06-09T23:35:45.000Z, 38.5788125, -77.3052217, 38.389, 5.016, 0.005, 0.009, 0.0
2022-06-09T23:35:46.000Z, 38.5788124, -77.3052198, 38.703, 5.03, 0.005, 0.061, 0.0
2022-06-09T23:35:47.000Z, 38.5788125, -77.3052186, 38.883, 5.037, 0.005, 0.039, 0.0
2022-06-09T23:35:48.000Z, 38.5788127, -77.3052172, 39.238, 4.99, 0.005, 0.01, 0.0
2022-06-09T23:35:49.000Z, 38.5788132, -77.3052163, 39.465, 4.939, 0.005, 0.003, 0.0
2022-06-09T23:35:50.000Z, 38.5788143, -77.3052152, 39.538, 4.912, 0.005, 0.018, 0.0
2022-06-09T23:35:51.000Z, 38.5788147, -77.3052144, 39.615, 4.903, 0.005, 0.015, 0.0
2022-06-09T23:35:52.000Z, 38.5788146, -77.3052139, 39.607, 4.923, 0.005, 0.007, 0.0
2022-06-09T23:35:53.000Z, 38.5788148, -77.3052138, 39.545, 4.946, 0.005, 0.041, 0.0
2022-06-09T23:35:54.000Z, 38.5788151, -77.3052138, 39.515, 4.98, 0.005, 0.017, 0.0
2022-06-09T23:35:55.000Z, 38.5788157, -77.3052139, 39.469, 5.017, 0.005, 0.034, 0.0
2022-06-09T23:35:56.000Z, 38.5788161, -77.3052136, 39.462, 5.047, 0.005, 0.02, 0.0
2022-06-09T23:35:57.000Z, 38.5788165, -77.3052134, 39.541, 5.07, 0.005, 0.034, 0.0
2022-06-09T23:35:58.000Z, 38.5788171, -77.3052131, 39.671, 5.072, 0.005, 0.014, 0.0
2022-06-09T23:35:59.000Z, 38.578818, -77.3052118, 39.701, 5.07, 0.005, 0.011, 0.0
2022-06-09T23:36:00.000Z, 38.5788193, -77.3052102, 39.729, 5.062, 0.005, 0.024, 0.0
2022-06-09T23:36:01.000Z, 38.5788211, -77.3052093, 39.547, 5.049, 0.005, 0.012, 0.0
2022-06-09T23:36:02.000Z, 38.5788225, -77.3052088, 39.364, 5.045, 0.005, 0.011, 0.0
2022-06-09T23:36:03.000Z, 38.5788237, -77.3052078, 39.176, 5.046, 0.005, 0.008, 0.0
2022-06-09T23:36:04.000Z, 38.5788245, -77.3052072, 39.045, 5.064, 0.005, 0.011, 0.0
2022-06-09T23:36:05.000Z, 38.5788256, -77.305207, 38.763, 5.071, 0.005, 0.025, 0.0
2022-06-09T23:36:06.000Z, 38.578827, -77.3052071, 38.365, 5.08, 0.005, 0.01, 0.0
2022-06-09T23:36:07.000Z, 38.5788287, -77.3052071, 37.981, 5.092, 0.005, 0.018, 0.0
2022-06-09T23:36:08.000Z, 38.5788303, -77.3052072, 37.564, 5.099, 0.005, 0.028, 0.0
2022-06-09T23:36:09.000Z, 38.5788319, -77.3052078, 37.27, 5.12, 0.005, 0.028, 0.0
2022-06-09T23:36:10.000Z, 38.5788331, -77.3052083, 36.919, 5.132, 0.005, 0.018, 0.0
2022-06-09T23:36:11.000Z, 38.578834, -77.3052092, 36.701, 5.158, 0.005, 0.022, 0.0
2022-06-09T23:36:12.000Z, 38.5788346, -77.30521, 36.478, 5.19, 0.005, 0.038, 0.0
2022-06-09T23:36:13.000Z, 38.5788349, -77.3052105, 36.325, 5.22, 0.005, 0.03, 0.0
2022-06-09T23:36:14.000Z, 38.5788349, -77.305211, 36.206, 5.258, 0.005, 0.051, 0.0
2022-06-09T23:36:15.000Z, 38.578835, -77.3052118, 36.094, 5.299, 0.005, 0.028, 0.0
2022-06-09T23:36:16.000Z, 38.5788349, -77.3052128, 35.997, 5.351, 0.005, 0.06, 0.0
2022-06-09T23:36:17.000Z, 38.578835, -77.3052136, 35.823, 5.403, 0.005, 0.007, 0.0
2022-06-09T23:36:18.000Z, 38.5788351, -77.3052142, 35.671, 5.46, 0.005, 0.019, 0.0
2022-06-09T23:36:19.000Z, 38.5788352, -77.3052149, 35.499, 5.509, 0.005, 0.021, 0.0
2022-06-09T23:36:20.000Z, 38.5788354, -77.3052152, 35.409, 5.552, 0.005, 0.005, 0.0
2022-06-09T23:36:21.000Z, 38.5788356, -77.3052155, 35.251, 5.594, 0.005, 0.008, 0.0
2022-06-09T23:36:22.000Z, 38.5788358, -77.3052157, 35.182, 5.641, 0.005, 0.008, 0.0
2022-06-09T23:36:23.000Z, 38.578836, -77.305216, 35.073, 5.684, 0.005, 0.004, 0.0
2022-06-09T23:36:24.000Z, 38.5788363, -77.3052159, 35.072, 5.726, 0.005, 0.019, 0.0
2022-06-09T23:36:25.000Z, 38.5788369, -77.3052159, 34.953, 5.746, 0.005, 0.02, 0.0
2022-06-09T23:36:26.000Z, 38.5788374, -77.3052163, 34.8, 5.756, 0.005, 0.012, 0.0
2022-06-09T23:36:27.000Z, 38.5788378, -77.3052164, 34.629, 5.758, 0.005, 0.004, 0.0
2022-06-09T23:36:28.000Z, 38.5788383, -77.3052168, 34.295, 5.751, 0.005, 0.023, 0.0
2022-06-09T23:36:29.000Z, 38.5788387, -77.3052168, 34.127, 5.755, 0.005, 0.016, 0.0
2022-06-10T00:11:45.000Z, 38.5788059, -77.3051995, 52.79, 3.124, 0.005, 0.012, 0.0
2022-06-10T00:11:46.000Z, 38.5788057, -77.3051994, 52.956, 3.131, 0.005, 0.017, 0.0
2022-06-10T00:11:47.000Z, 38.5788048, -77.3051995, 53.203, 3.132, 0.005, 0.013, 0.0
2022-06-10T00:11:48.000Z, 38.5788047, -77.3051993, 53.345, 3.144, 0.005, 0.019, 0.0
2022-06-10T00:11:49.000Z, 38.5788047, -77.3051991, 53.511, 3.161, 0.005, 0.016, 0.0
2022-06-10T00:11:50.000Z, 38.5788046, -77.3051988, 53.667, 3.177, 0.005, 0.006, 0.0
2022-06-10T00:11:51.000Z, 38.5788046, -77.3051987, 53.766, 3.194, 0.005, 0.02, 0.0
2022-06-10T00:11:52.000Z, 38.5788045, -77.3051984, 53.92, 3.207, 0.005, 0.022, 0.0
2022-06-10T00:11:53.000Z, 38.5788043, -77.3051981, 53.988, 3.216, 0.005, 0.018, 0.0
2022-06-10T00:11:54.000Z, 38.5788038, -77.3051978, 54.177, 3.224, 0.005, 0.004, 0.0
2022-06-10T00:11:55.000Z, 38.5788034, -77.3051974, 54.368, 3.232, 0.005, 0.007, 0.0
2022-06-10T00:11:56.000Z, 38.5788031, -77.3051971, 54.52, 3.24, 0.005, 0.019, 0.0
2022-06-10T00:11:57.000Z, 38.578803, -77.3051969, 54.689, 3.247, 0.005, 0.012, 0.0
2022-06-10T00:11:58.000Z, 38.578803, -77.3051968, 54.793, 3.252, 0.005, 0.021, 0.0
2022-06-10T00:11:59.000Z, 38.578803, -77.3051964, 54.841, 3.255, 0.005, 0.003, 0.0
2022-06-10T00:12:00.000Z, 38.5788032, -77.3051961, 54.826, 3.259, 0.005, 0.008, 0.0
2022-06-10T00:12:01.000Z, 38.5788036, -77.3051957, 54.798, 3.259, 0.005, 0.019, 0.0
2022-06-10T00:12:02.000Z, 38.5788038, -77.3051955, 54.708, 3.258, 0.005, 0.005, 0.0
2022-06-10T00:12:03.000Z, 38.5788038, -77.3051952, 54.743, 3.26, 0.005, 0.01, 0.0
2022-06-10T00:12:04.000Z, 38.5788038, -77.305195, 54.773, 3.264, 0.005, 0.015, 0.0
2022-06-10T00:12:05.000Z, 38.5788039, -77.3051947, 54.705, 3.263, 0.005, 0.01, 0.0
2022-06-10T00:12:06.000Z, 38.5788041, -77.3051944, 54.775, 3.261, 0.005, 0.014, 0.0
2022-06-10T00:12:07.000Z, 38.5788045, -77.305194, 54.806, 3.261, 0.005, 0.024, 0.0
2022-06-10T00:12:08.000Z, 38.5788045, -77.305194, 54.883, 3.251, 0.005, 0.018, 0.0
2022-06-10T00:12:09.000Z, 38.5788044, -77.305194, 55.042, 3.247, 0.005, 0.011, 0.0
2022-06-10T01:16:12.000Z, 38.5787582, -77.305234, 60.756, 4.109, 0.005, 0.005, nan
2022-06-10T01:16:14.000Z, 38.578759, -77.3052335, 60.747, 4.17, 0.005, 0.015, 0.0
2022-06-10T01:16:15.000Z, 38.5787595, -77.3052335, 60.796, 4.218, 0.005, 0.02, 0.0
2022-06-10T01:16:16.000Z, 38.57876, -77.3052333, 60.87, 4.273, 0.005, 0.019, 0.0
2022-06-10T01:16:17.001Z, 38.5787606, -77.3052338, 60.943, 4.322, 0.005, 0.012, 0.0
2022-06-10T01:16:18.000Z, 38.578761, -77.3052339, 60.922, 4.364, 0.005, 0.044, 0.0
2022-06-10T01:16:19.000Z, 38.5787614, -77.3052342, 60.944, 4.415, 0.005, 0.029, 0.0
2022-06-10T01:16:20.000Z, 38.5787615, -77.3052342, 60.926, 4.455, 0.005, 0.029, 0.0
2022-06-10T01:16:21.000Z, 38.5787618, -77.3052343, 60.847, 4.495, 0.005, 0.025, 0.0
2022-06-10T01:16:22.000Z, 38.5787618, -77.3052342, 60.752, 4.526, 0.005, 0.02, 0.0
2022-06-10T01:21:11.000Z, 38.5788137, -77.3052096, 62.28, 4.04, 0.005, 0.015, 0.0
2022-06-10T01:21:12.000Z, 38.5788139, -77.3052102, 62.138, 4.056, 0.005, 0.027, 0.0
2022-06-10T01:21:13.000Z, 38.5788143, -77.3052107, 61.95, 4.051, 0.005, 0.007, 0.0
2022-06-10T01:21:14.000Z, 38.5788149, -77.3052114, 61.845, 4.047, 0.005, 0.027, 0.0
2022-06-10T01:21:15.000Z, 38.5788153, -77.305212, 61.699, 4.04, 0.005, 0.021, 0.0
2022-06-10T01:21:16.000Z, 38.5788158, -77.3052122, 61.592, 4.033, 0.005, 0.014, 0.0
2022-06-10T01:21:17.000Z, 38.5788163, -77.3052127, 61.464, 4.027, 0.005, 0.013, 0.0
2022-06-10T01:21:18.000Z, 38.5788171, -77.3052132, 61.41, 4.034, 0.005, 0.029, 0.0
2022-06-10T01:21:19.000Z, 38.5788178, -77.3052134, 61.338, 4.031, 0.005, 0.022, 0.0
2022-06-10T01:21:20.000Z, 38.5788182, -77.3052136, 61.274, 4.014, 0.005, 0.022, 0.0
2022-06-10T01:21:21.000Z, 38.5788184, -77.3052136, 61.211, 3.991, 0.005, 0.021, 0.0
2022-06-10T01:21:22.000Z, 38.5788184, -77.3052132, 61.237, 3.97, 0.005, 0.005, 0.0
2022-06-10T01:21:23.000Z, 38.5788181, -77.3052125, 61.308, 3.963, 0.005, 0.004, 0.0
2022-06-10T01:21:24.000Z, 38.5788174, -77.305212, 61.337, 3.946, 0.005, 0.006, 0.0
2022-06-10T01:21:25.000Z, 38.5788167, -77.3052122, 61.214, 3.911, 0.005, 0.02, 0.0
2022-06-10T01:21:26.000Z, 38.5788163, -77.3052122, 61.238, 3.876, 0.005, 0.023, 0.0
2022-06-10T01:21:27.000Z, 38.5788151, -77.3052113, 61.247, 3.846, 0.005, 0.008, 0.0
2022-06-10T01:21:28.000Z, 38.5788148, -77.3052102, 61.436, 3.861, 0.005, 0.016, 0.0
2022-06-10T01:21:29.000Z, 38.5788148, -77.3052093, 61.607, 3.895, 0.005, 0.026, 0.0
2022-06-10T01:21:30.000Z, 38.5788147, -77.3052085, 61.714, 3.944, 0.005, 0.013, 0.0
2022-06-10T01:21:31.000Z, 38.5788147, -77.3052078, 61.798, 4.001, 0.005, 0.019, 0.0
2022-06-10T01:21:32.000Z, 38.5788148, -77.305207, 61.959, 4.057, 0.005, 0.009, 0.0
2022-06-10T01:21:33.000Z, 38.578815, -77.3052067, 62.093, 4.114, 0.005, 0.035, 0.0
2022-06-10T01:21:34.000Z, 38.5788152, -77.305206, 62.299, 4.165, 0.005, 0.02, 0.0
2022-06-10T01:21:35.000Z, 38.5788152, -77.3052052, 62.428, 4.216, 0.005, 0.027, 0.0
2022-06-10T01:29:16.000Z, 38.578805167, -77.305168167, 55.2, 33.12, 0.005, 0.018, nan
2022-06-10T01:29:18.000Z, 38.578805167, -77.305168167, 55.2, 33.12, 0.005, 0.018, 0.0
2022-06-10T01:29:18.000Z, 38.578801, -77.3051695, 54.695, 4.312, 0.005, 0.045, 0.0
2022-06-10T01:29:20.000Z, 38.5787967, -77.3051705, 54.073, 4.273, 0.005, 0.02, 0.0
2022-06-10T01:29:21.000Z, 38.5787943, -77.3051709, 53.758, 4.195, 0.005, 0.02, 0.0
2022-06-10T01:29:22.000Z, 38.5787925, -77.3051714, 53.452, 4.131, 0.005, 0.02, 0.0
2022-06-10T01:29:23.000Z, 38.5787913, -77.3051716, 53.327, 4.074, 0.005, 0.009, 0.0
2022-06-10T01:33:17.000Z, 38.5787445, -77.305218667, 53.0, 26.91, 0.005, 0.012, nan
2022-06-10T01:33:19.000Z, 38.5787445, -77.305218667, 53.0, 26.91, 0.005, 0.012, 0.0
2022-06-10T01:33:19.000Z, 38.578744, -77.3052191, 53.444, 3.598, 0.005, 0.005, 0.0
2022-06-10T01:33:21.000Z, 38.5787449, -77.3052192, 53.852, 3.541, 0.005, 0.016, 0.0
2022-06-10T01:33:22.000Z, 38.5787455, -77.3052192, 54.038, 3.518, 0.005, 0.006, 0.0
2022-06-10T01:33:23.000Z, 38.5787458, -77.3052193, 54.15, 3.498, 0.005, 0.011, 0.0
2022-06-10T01:33:24.000Z, 38.5787462, -77.3052195, 54.234, 3.483, 0.005, 0.013, 0.0
2022-06-10T01:33:25.000Z, 38.578747, -77.3052194, 54.352, 3.457, 0.005, 0.007, 0.0
2022-06-10T01:33:26.000Z, 38.5787478, -77.3052192, 54.442, 3.438, 0.005, 0.013, 0.0
2022-06-10T01:33:27.000Z, 38.5787483, -77.3052189, 54.502, 3.426, 0.005, 0.021, 0.0
2022-06-10T01:33:28.000Z, 38.5787488, -77.3052187, 54.578, 3.397, 0.005, 0.008, 0.0
2022-06-10T01:33:29.000Z, 38.5787494, -77.3052185, 54.638, 3.367, 0.005, 0.006, 0.0
2022-06-10T01:33:30.000Z, 38.5787504, -77.3052183, 54.676, 3.33, 0.005, 0.015, 0.0
2022-06-10T01:33:31.000Z, 38.5787513, -77.3052179, 54.696, 3.293, 0.005, 0.013, 0.0
2022-06-10T01:33:32.000Z, 38.5787523, -77.3052179, 54.627, 3.274, 0.005, 0.01, 0.0
2022-06-10T01:33:33.000Z, 38.5787527, -77.3052174, 54.654, 3.268, 0.005, 0.002, 0.0
2022-06-10T01:33:34.000Z, 38.5787534, -77.3052169, 54.652, 3.258, 0.005, 0.011, 0.0
2022-06-10T01:33:35.000Z, 38.578754, -77.3052164, 54.658, 3.249, 0.005, 0.003, 0.0
2022-06-10T01:33:36.000Z, 38.5787544, -77.3052161, 54.724, 3.23, 0.005, 0.02, 0.0
2022-06-10T01:33:37.001Z, 38.5787558, -77.3052147, 54.851, 3.183, 0.005, 0.002, 0.0
2022-06-10T01:33:38.000Z, 38.5787569, -77.3052133, 54.869, 3.144, 0.005, 0.011, 0.0
2022-06-10T01:33:39.000Z, 38.578758, -77.3052117, 54.974, 3.106, 0.005, 0.012, 0.0
2022-06-10T01:33:40.000Z, 38.5787589, -77.3052105, 55.089, 3.068, 0.005, 0.01, 0.0
2022-06-10T01:33:41.000Z, 38.5787595, -77.3052095, 55.207, 3.036, 0.005, 0.007, 0.0
2022-06-10T01:33:42.000Z, 38.5787601, -77.3052086, 55.313, 3.002, 0.005, 0.009, 0.0
2022-06-10T01:33:43.000Z, 38.5787603, -77.305209, 55.302, 3.033, 0.005, 0.049, 0.0
2022-06-10T01:33:44.000Z, 38.5787605, -77.3052095, 55.266, 3.082, 0.005, 0.029, 0.0
2022-06-10T01:33:45.000Z, 38.5787607, -77.3052091, 55.351, 3.101, 0.005, 0.021, 0.0
2022-06-10T01:33:46.000Z, 38.5787609, -77.3052086, 55.398, 3.12, 0.005, 0.018, 0.0
2022-06-10T01:33:47.000Z, 38.578761, -77.3052075, 55.436, 3.121, 0.005, 0.014, 0.0
2022-06-10T01:33:48.000Z, 38.5787611, -77.3052064, 55.525, 3.12, 0.005, 0.005, 0.0
2022-06-10T01:33:49.000Z, 38.5787614, -77.3052062, 55.57, 3.147, 0.005, 0.025, 0.0
2022-06-10T01:36:29.000Z, 38.578784833, -77.305202, 50.6, 27.37, 0.005, 0.013, nan
2022-06-10T01:36:31.000Z, 38.578784833, -77.305202, 50.6, 27.37, 0.005, 0.013, 0.0
2022-06-10T01:36:31.000Z, 38.5787846, -77.3052029, 50.391, 4.074, 0.005, 0.013, 0.0
2022-06-10T01:36:33.000Z, 38.5787833, -77.305205, 50.355, 4.006, 0.005, 0.021, 0.0
2022-06-10T01:36:34.000Z, 38.5787829, -77.3052049, 50.362, 3.978, 0.005, 0.009, 0.0
2022-06-10T01:36:35.000Z, 38.578783, -77.3052047, 50.336, 3.953, 0.005, 0.003, 0.0
2022-06-10T01:36:36.000Z, 38.5787832, -77.3052058, 50.242, 3.949, 0.005, 0.029, 0.0
2022-06-10T01:36:37.000Z, 38.5787827, -77.3052057, 50.337, 3.881, 0.005, 0.007, 0.0
2022-06-10T01:36:38.000Z, 38.5787829, -77.3052056, 50.283, 3.889, 0.005, 0.013, 0.0
2022-06-10T01:36:39.000Z, 38.5787829, -77.3052055, 50.245, 3.89, 0.005, 0.01, 0.0
2022-06-10T01:36:40.000Z, 38.5787826, -77.3052055, 50.235, 3.89, 0.005, 0.015, 0.0
2022-06-10T01:36:41.000Z, 38.5787823, -77.3052055, 50.263, 3.911, 0.005, 0.039, 0.0
2022-06-10T01:36:42.000Z, 38.578782, -77.3052055, 50.303, 3.909, 0.005, 0.016, 0.0
2022-06-10T01:36:43.000Z, 38.5787816, -77.3052049, 50.432, 3.885, 0.005, 0.013, 0.0
2022-06-10T01:36:44.000Z, 38.5787812, -77.3052047, 50.522, 3.891, 0.005, 0.012, 0.0
2022-06-10T01:36:45.000Z, 38.5787809, -77.3052053, 50.561, 3.899, 0.005, 0.02, 0.0
2022-06-10T01:36:46.000Z, 38.5787806, -77.305206, 50.667, 3.882, 0.005, 0.02, 0.0
2022-06-10T01:36:47.000Z, 38.5787805, -77.3052069, 50.742, 3.883, 0.005, 0.013, 0.0
2022-06-10T01:36:48.000Z, 38.5787805, -77.3052071, 50.824, 3.88, 0.005, 0.008, 0.0
2022-06-10T01:36:49.000Z, 38.5787795, -77.3052068, 51.132, 3.811, 0.005, 0.035, 0.0
2022-06-10T01:36:50.000Z, 38.5787788, -77.3052067, 51.345, 3.787, 0.005, 0.011, 0.0
2022-06-10T01:36:51.000Z, 38.5787782, -77.3052061, 51.6, 3.765, 0.005, 0.015, 0.0
2022-06-10T01:36:52.000Z, 38.5787771, -77.3052054, 51.896, 3.745, 0.005, 0.018, 0.0
2022-06-10T01:36:53.000Z, 38.5787762, -77.3052049, 52.214, 3.727, 0.005, 0.014, 0.0
2022-06-10T01:36:54.000Z, 38.5787752, -77.3052042, 52.519, 3.712, 0.005, 0.012, 0.0
2022-06-10T01:36:55.000Z, 38.5787741, -77.3052038, 52.837, 3.698, 0.005, 0.026, 0.0
2022-06-10T01:36:56.000Z, 38.5787732, -77.3052038, 53.035, 3.705, 0.005, 0.013, 0.0
2022-06-10T01:36:57.000Z, 38.5787724, -77.3052037, 53.256, 3.708, 0.005, 0.006, 0.0
2022-06-10T01:36:58.000Z, 38.5787717, -77.3052037, 53.359, 3.723, 0.005, 0.017, 0.0
2022-06-10T01:36:59.000Z, 38.5787714, -77.3052041, 53.386, 3.74, 0.005, 0.022, 0.0
2022-06-10T01:37:00.000Z, 38.5787709, -77.3052039, 53.489, 3.753, 0.005, 0.041, 0.0
2022-06-10T01:37:01.000Z, 38.5787708, -77.305204, 53.484, 3.777, 0.005, 0.008, 0.0
2022-06-10T01:37:02.000Z, 38.5787704, -77.3052043, 53.568, 3.792, 0.005, 0.007, 0.0
2022-06-10T01:37:03.000Z, 38.5787699, -77.3052044, 53.678, 3.805, 0.005, 0.021, 0.0
2022-06-10T01:37:04.000Z, 38.5787697, -77.3052048, 53.736, 3.825, 0.005, 0.003, 0.0
2022-06-10T01:37:05.000Z, 38.5787694, -77.3052056, 53.733, 3.851, 0.005, 0.03, 0.0
2022-06-10T01:37:06.000Z, 38.5787692, -77.305206, 53.727, 3.871, 0.005, 0.015, 0.0
2022-06-10T01:37:07.000Z, 38.578769, -77.3052063, 53.716, 3.894, 0.005, 0.023, 0.0
2022-06-10T01:37:08.000Z, 38.5787688, -77.3052064, 53.781, 3.903, 0.005, 0.027, 0.0
2022-06-10T01:37:09.000Z, 38.5787685, -77.3052064, 53.885, 3.907, 0.005, 0.018, 0.0
2022-06-10T01:37:10.000Z, 38.578768, -77.3052061, 54.009, 3.914, 0.005, 0.02, 0.0
2022-06-10T01:37:11.000Z, 38.5787675, -77.3052049, 54.157, 3.927, 0.005, 0.032, 0.0
2022-06-10T01:37:12.000Z, 38.5787671, -77.3052038, 54.282, 3.938, 0.005, 0.028, 0.0
2022-06-10T01:37:13.000Z, 38.5787665, -77.3052023, 54.514, 3.935, 0.005, 0.034, 0.0
2022-06-10T01:37:14.000Z, 38.5787659, -77.3052005, 54.705, 3.931, 0.005, 0.022, 0.0
2022-06-10T01:37:15.000Z, 38.5787652, -77.305199, 54.934, 3.931, 0.005, 0.023, 0.0
2022-06-10T01:37:16.000Z, 38.5787648, -77.3051977, 55.112, 3.926, 0.005, 0.028, 0.0
2022-06-10T01:37:17.000Z, 38.5787643, -77.3051963, 55.319, 3.925, 0.005, 0.035, 0.0
2022-06-10T01:37:18.000Z, 38.578764, -77.3051959, 55.382, 3.929, 0.005, 0.035, 0.0
2022-06-10T01:37:19.000Z, 38.5787638, -77.3051956, 55.461, 3.933, 0.005, 0.013, 0.0
2022-06-10T01:37:20.000Z, 38.5787633, -77.3051945, 55.712, 3.922, 0.005, 0.008, 0.0
2022-06-10T01:37:21.001Z, 38.5787631, -77.305194, 55.849, 3.909, 0.005, 0.016, 0.0
2022-06-10T01:37:22.000Z, 38.5787632, -77.305193, 56.077, 3.861, 0.005, 0.02, 0.0
2022-06-10T01:37:23.000Z, 38.5787634, -77.3051924, 56.187, 3.823, 0.005, 0.033, 0.0
2022-06-10T01:37:24.000Z, 38.5787634, -77.3051929, 56.167, 3.835, 0.005, 0.014, 0.0
2022-06-10T01:37:25.000Z, 38.5787635, -77.3051927, 56.171, 3.848, 0.005, 0.012, 0.0
2022-06-10T01:37:26.000Z, 38.5787651, -77.3051919, 56.107, 3.797, 0.005, 0.022, 0.0
2022-06-10T01:37:27.000Z, 38.5787657, -77.3051918, 56.079, 3.74, 0.005, 0.013, 0.0
2022-06-10T01:37:28.000Z, 38.5787669, -77.3051916, 55.945, 3.678, 0.005, 0.006, 0.0
2022-06-10T01:37:29.000Z, 38.5787668, -77.3051915, 55.979, 3.642, 0.005, 0.012, 0.0
2022-06-10T01:37:30.000Z, 38.5787668, -77.3051921, 55.85, 3.664, 0.005, 0.023, 0.0
2022-06-10T01:37:31.000Z, 38.5787667, -77.305192, 55.866, 3.692, 0.005, 0.039, 0.0
2022-06-10T01:37:32.000Z, 38.5787666, -77.3051915, 55.855, 3.7, 0.005, 0.005, 0.0
2022-06-10T01:37:33.000Z, 38.5787666, -77.3051919, 55.785, 3.742, 0.005, 0.015, 0.0
2022-06-10T01:37:34.000Z, 38.5787667, -77.3051923, 55.66, 3.764, 0.005, 0.023, 0.0
2022-06-10T01:37:35.000Z, 38.5787667, -77.3051922, 55.581, 3.771, 0.005, 0.014, 0.0
2022-06-10T01:37:36.000Z, 38.5787668, -77.3051919, 55.488, 3.774, 0.005, 0.022, 0.0
2022-06-10T01:37:37.000Z, 38.5787673, -77.3051923, 55.31, 3.788, 0.005, 0.06, 0.0
2022-06-10T01:37:38.000Z, 38.5787674, -77.305193, 55.148, 3.819, 0.005, 0.033, 0.0
2022-06-10T01:37:39.000Z, 38.5787678, -77.305194, 54.974, 3.853, 0.005, 0.081, 0.0
2022-06-10T01:37:40.000Z, 38.5787682, -77.3051942, 54.836, 3.851, 0.005, 0.022, 0.0
2022-06-10T01:37:41.000Z, 38.5787689, -77.3051942, 54.705, 3.854, 0.005, 0.034, 0.0
2022-06-10T01:37:42.000Z, 38.5787695, -77.3051944, 54.508, 3.841, 0.005, 0.014, 0.0
2022-06-10T01:37:43.000Z, 38.57877, -77.3051951, 54.333, 3.844, 0.005, 0.023, 0.0
2022-06-10T01:37:44.000Z, 38.5787724, -77.3051943, 54.151, 3.735, 0.005, 0.022, 0.0
2022-06-10T01:37:45.000Z, 38.5787746, -77.3051933, 53.923, 3.582, 0.005, 0.013, 0.0
2022-06-10T01:37:46.000Z, 38.5787761, -77.3051919, 53.676, 3.456, 0.005, 0.018, 0.0
2022-06-10T01:37:47.000Z, 38.5787774, -77.3051912, 53.551, 3.388, 0.005, 0.004, 0.0
2022-06-10T01:37:48.000Z, 38.5787785, -77.3051906, 53.377, 3.358, 0.005, 0.013, 0.0
2022-06-10T01:37:49.000Z, 38.5787791, -77.3051901, 53.287, 3.333, 0.005, 0.008, 0.0
2022-06-10T01:37:50.000Z, 38.5787794, -77.3051893, 53.178, 3.31, 0.005, 0.023, 0.0
2022-06-10T01:37:51.000Z, 38.5787798, -77.3051894, 53.101, 3.326, 0.005, 0.007, 0.0
2022-06-10T01:37:52.000Z, 38.5787799, -77.3051892, 53.066, 3.365, 0.005, 0.025, 0.0
2022-06-10T01:37:53.000Z, 38.5787798, -77.3051891, 53.016, 3.409, 0.005, 0.031, 0.0
2022-06-10T01:37:54.000Z, 38.5787797, -77.3051889, 52.951, 3.451, 0.005, 0.025, 0.0
2022-06-10T01:37:55.000Z, 38.5787795, -77.3051886, 52.92, 3.484, 0.005, 0.025, 0.0
2022-06-10T01:37:56.000Z, 38.5787795, -77.3051884, 52.861, 3.523, 0.005, 0.017, 0.0
2022-06-10T01:37:57.000Z, 38.5787795, -77.3051885, 52.789, 3.557, 0.005, 0.016, 0.0
2022-06-10T01:37:58.000Z, 38.5787792, -77.3051883, 52.761, 3.589, 0.005, 0.02, 0.0
2022-06-10T01:37:59.000Z, 38.5787787, -77.305188, 52.753, 3.621, 0.005, 0.025, 0.0
2022-06-10T01:38:00.000Z, 38.5787784, -77.3051879, 52.74, 3.651, 0.005, 0.028, 0.0
2022-06-10T01:38:01.000Z, 38.5787782, -77.3051878, 52.732, 3.681, 0.005, 0.007, 0.0
2022-06-10T01:38:02.000Z, 38.5787779, -77.3051876, 52.745, 3.713, 0.005, 0.015, 0.0
2022-06-10T01:38:03.000Z, 38.5787775, -77.3051874, 52.777, 3.741, 0.005, 0.026, 0.0
2022-06-10T01:39:10.000Z, 38.578794167, -77.305191333, nan, 27.6, 0.005, nan, nan
2022-06-10T01:39:10.000Z, 38.5787933, -77.3051936, 51.704, 5.086, 0.005, 0.037, nan
2022-06-10T01:39:12.000Z, 38.578793, -77.3051961, 51.257, 5.064, 0.005, 0.027, 0.0
2022-06-10T01:39:13.000Z, 38.5787927, -77.3051978, 50.938, 5.024, 0.005, 0.017, 0.0
2022-06-10T01:39:14.000Z, 38.5787924, -77.3051989, 50.683, 4.981, 0.005, 0.014, 0.0
2022-06-10T01:39:15.000Z, 38.5787916, -77.3051984, 50.589, 4.938, 0.005, 0.03, 0.0
2022-06-10T01:39:16.000Z, 38.5787908, -77.3051982, 50.457, 4.896, 0.005, 0.012, 0.0
2022-06-10T01:39:17.000Z, 38.57879, -77.3051978, 50.443, 4.893, 0.005, 0.008, 0.0
2022-06-10T01:39:18.000Z, 38.5787892, -77.3051972, 50.463, 4.899, 0.005, 0.029, 0.0
2022-06-10T01:39:19.000Z, 38.5787887, -77.3051967, 50.44, 4.912, 0.005, 0.022, 0.0
2022-06-10T01:39:20.000Z, 38.5787881, -77.3051962, 50.435, 4.928, 0.005, 0.009, 0.0
2022-06-10T01:39:21.000Z, 38.5787876, -77.3051961, 50.45, 4.953, 0.005, 0.013, 0.0
2022-06-10T01:39:22.000Z, 38.5787871, -77.3051962, 50.477, 4.98, 0.005, 0.011, 0.0
2022-06-10T01:39:23.000Z, 38.5787867, -77.3051966, 50.46, 4.995, 0.005, 0.038, 0.0
2022-06-10T01:39:24.000Z, 38.5787861, -77.3051965, 50.536, 4.994, 0.005, 0.007, 0.0
2022-06-10T01:39:25.000Z, 38.5787856, -77.3051966, 50.637, 5.012, 0.005, 0.025, 0.0
2022-06-10T01:39:26.000Z, 38.5787853, -77.3051974, 50.644, 5.046, 0.005, 0.06, 0.0
2022-06-10T01:39:27.000Z, 38.5787849, -77.3051974, 50.8, 5.076, 0.005, 0.018, 0.0
2022-06-10T01:39:28.000Z, 38.5787842, -77.3051968, 51.008, 5.105, 0.005, 0.066, 0.0
2022-06-10T01:39:29.000Z, 38.5787837, -77.3051973, 50.997, 5.113, 0.005, 0.02, 0.0
2022-06-10T01:39:30.000Z, 38.5787835, -77.3051974, 51.002, 5.1, 0.005, 0.01, 0.0
2022-06-10T01:39:31.000Z, 38.5787837, -77.3051971, 51.04, 5.024, 0.005, 0.016, 0.0
2022-06-10T01:39:32.000Z, 38.5787836, -77.3051969, 51.006, 4.952, 0.005, 0.023, 0.0
2022-06-10T01:39:33.000Z, 38.5787831, -77.3051962, 51.125, 4.894, 0.005, 0.055, 0.0
2022-06-10T01:39:34.000Z, 38.5787826, -77.3051954, 51.253, 4.863, 0.005, 0.052, 0.0
2022-06-10T01:39:35.000Z, 38.5787823, -77.3051956, 51.301, 4.819, 0.005, 0.014, 0.0
2022-06-10T01:39:36.000Z, 38.5787819, -77.3051951, 51.437, 4.752, 0.005, 0.051, 0.0
2022-06-10T01:39:37.000Z, 38.5787815, -77.3051942, 51.594, 4.684, 0.005, 0.038, 0.0
2022-06-10T01:39:38.000Z, 38.5787816, -77.3051945, 51.635, 4.618, 0.005, 0.047, 0.0
2022-06-10T01:39:39.000Z, 38.5787813, -77.3051943, 51.793, 4.566, 0.005, 0.005, 0.0
2022-06-10T01:39:40.000Z, 38.5787812, -77.3051939, 51.872, 4.523, 0.005, 0.034, 0.0
2022-06-10T01:39:41.000Z, 38.5787811, -77.3051937, 51.987, 4.477, 0.005, 0.037, 0.0
2022-06-10T01:39:42.000Z, 38.5787811, -77.3051937, 52.027, 4.428, 0.005, 0.048, 0.0
2022-06-10T01:39:43.000Z, 38.578781, -77.3051933, 52.103, 4.39, 0.005, 0.006, 0.0
2022-06-10T01:39:44.000Z, 38.5787809, -77.3051928, 52.092, 4.355, 0.005, 0.01, 0.0
2022-06-10T01:39:45.000Z, 38.5787805, -77.3051924, 52.152, 4.317, 0.005, 0.021, 0.0
2022-06-10T01:39:46.000Z, 38.5787804, -77.3051923, 52.174, 4.285, 0.005, 0.03, 0.0
2022-06-10T01:39:47.000Z, 38.5787802, -77.3051916, 52.27, 4.259, 0.005, 0.019, 0.0
2022-06-10T01:39:48.000Z, 38.5787799, -77.305191, 52.328, 4.242, 0.005, 0.007, 0.0
2022-06-10T01:39:49.000Z, 38.5787793, -77.3051909, 52.352, 4.25, 0.005, 0.032, 0.0
2022-06-10T01:39:50.000Z, 38.5787787, -77.3051902, 52.384, 4.251, 0.005, 0.016, 0.0
2022-06-10T01:39:51.000Z, 38.5787783, -77.3051896, 52.457, 4.254, 0.005, 0.006, 0.0
2022-06-10T01:39:52.000Z, 38.5787779, -77.3051886, 52.492, 4.256, 0.005, 0.036, 0.0
2022-06-10T01:39:53.000Z, 38.5787776, -77.3051872, 52.58, 4.243, 0.005, 0.006, 0.0
2022-06-10T01:39:54.000Z, 38.5787776, -77.3051867, 52.636, 4.23, 0.005, 0.011, 0.0
2022-06-10T01:39:55.000Z, 38.5787779, -77.3051868, 52.67, 4.218, 0.005, 0.006, 0.0
2022-06-10T01:39:56.000Z, 38.578778, -77.3051864, 52.666, 4.209, 0.005, 0.027, 0.0
2022-06-10T01:39:57.000Z, 38.5787782, -77.3051853, 52.723, 4.203, 0.005, 0.016, 0.0
2022-06-10T01:39:58.000Z, 38.578778, -77.3051855, 52.731, 4.199, 0.005, 0.043, 0.0
2022-06-10T01:39:59.000Z, 38.5787781, -77.3051863, 52.645, 4.21, 0.005, 0.089, 0.0
2022-06-10T01:40:00.000Z, 38.5787782, -77.3051869, 52.576, 4.225, 0.005, 0.075, 0.0
2022-06-10T01:40:01.000Z, 38.5787783, -77.3051866, 52.543, 4.243, 0.005, 0.033, 0.0
2022-06-10T01:40:02.000Z, 38.5787783, -77.3051859, 52.538, 4.245, 0.005, 0.011, 0.0
2022-06-10T01:40:03.000Z, 38.5787781, -77.3051849, 52.523, 4.266, 0.005, 0.02, 0.0
2022-06-10T01:40:04.000Z, 38.578778, -77.3051843, 52.533, 4.297, 0.005, 0.041, 0.0
2022-06-10T01:40:05.000Z, 38.5787779, -77.3051829, 52.572, 4.271, 0.005, 0.035, 0.0
2022-06-10T01:40:06.000Z, 38.5787781, -77.3051823, 52.637, 4.195, 0.005, 0.02, 0.0
2022-06-10T01:40:07.001Z, 38.5787782, -77.3051822, 52.499, 4.204, 0.005, 0.035, 0.0
2022-06-10T01:40:08.000Z, 38.5787784, -77.3051826, 52.292, 4.224, 0.005, 0.067, 0.0
2022-06-10T01:40:09.000Z, 38.5787784, -77.3051833, 52.159, 4.248, 0.005, 0.071, 0.0
2022-06-10T01:40:10.000Z, 38.5787783, -77.3051832, 52.102, 4.279, 0.005, 0.033, 0.0
2022-06-10T01:40:11.000Z, 38.5787782, -77.3051839, 51.987, 4.31, 0.005, 0.008, 0.0
2022-06-10T01:40:12.000Z, 38.5787781, -77.3051844, 51.891, 4.343, 0.005, 0.016, 0.0
2022-06-10T01:40:13.000Z, 38.5787778, -77.305185, 51.755, 4.377, 0.005, 0.023, 0.0
2022-06-10T01:40:14.000Z, 38.5787774, -77.3051859, 51.674, 4.407, 0.005, 0.03, 0.0
2022-06-10T01:40:15.000Z, 38.5787767, -77.3051867, 51.568, 4.443, 0.005, 0.022, 0.0
2022-06-10T01:40:16.000Z, 38.5787762, -77.3051878, 51.481, 4.466, 0.005, 0.04, 0.0
2022-06-10T01:40:17.000Z, 38.5787754, -77.3051889, 51.44, 4.467, 0.005, 0.028, 0.0
2022-06-10T01:40:18.000Z, 38.578775, -77.3051889, 51.364, 4.496, 0.005, 0.013, 0.0
2022-06-10T01:40:19.000Z, 38.5787747, -77.3051895, 51.308, 4.52, 0.005, 0.028, 0.0
2022-06-10T01:40:20.000Z, 38.5787745, -77.3051899, 51.223, 4.522, 0.005, 0.019, 0.0
2022-06-10T01:40:21.000Z, 38.5787743, -77.3051902, 51.174, 4.525, 0.005, 0.016, 0.0
2022-06-10T01:40:22.000Z, 38.5787741, -77.3051912, 51.119, 4.528, 0.005, 0.045, 0.0
2022-06-10T01:40:23.000Z, 38.5787737, -77.3051924, 51.099, 4.536, 0.005, 0.04, 0.0
2022-06-10T01:40:24.000Z, 38.5787736, -77.3051928, 51.114, 4.553, 0.005, 0.012, 0.0
2022-06-10T01:40:25.000Z, 38.5787736, -77.3051937, 51.02, 4.586, 0.005, 0.026, 0.0
2022-06-10T01:40:26.000Z, 38.5787735, -77.3051947, 50.931, 4.62, 0.005, 0.018, 0.0
2022-06-10T01:40:27.000Z, 38.578774, -77.3051958, 50.84, 4.657, 0.005, 0.01, 0.0
2022-06-10T01:40:28.000Z, 38.5787741, -77.3051967, 50.823, 4.683, 0.005, 0.011, 0.0
2022-06-10T01:40:29.000Z, 38.578774, -77.3051978, 50.788, 4.719, 0.005, 0.017, 0.0
2022-06-10T01:40:30.000Z, 38.5787736, -77.3051979, 50.91, 4.74, 0.005, 0.06, 0.0
2022-06-10T01:40:31.000Z, 38.5787733, -77.3051987, 50.871, 4.748, 0.005, 0.022, 0.0
2022-06-10T01:40:32.000Z, 38.5787735, -77.3051992, 50.756, 4.763, 0.005, 0.011, 0.0
2022-06-10T01:40:33.000Z, 38.5787737, -77.3051997, 50.558, 4.773, 0.005, 0.01, 0.0
2022-06-10T01:40:34.000Z, 38.5787739, -77.3052, 50.411, 4.786, 0.005, 0.017, 0.0
2022-06-10T01:40:35.000Z, 38.578774, -77.3052006, 50.283, 4.799, 0.005, 0.018, 0.0
2022-06-10T01:40:36.000Z, 38.5787741, -77.3052007, 50.19, 4.81, 0.005, 0.003, 0.0
2022-06-10T01:40:37.000Z, 38.5787742, -77.3052009, 50.066, 4.814, 0.005, 0.029, 0.0
2022-06-10T01:40:38.000Z, 38.5787743, -77.3052013, 49.919, 4.824, 0.005, 0.034, 0.0
2022-06-10T01:40:39.000Z, 38.5787744, -77.3052015, 49.758, 4.837, 0.005, 0.007, 0.0
2022-06-10T01:40:40.000Z, 38.5787743, -77.3052015, 49.693, 4.849, 0.005, 0.025, 0.0
2022-06-10T01:40:41.000Z, 38.578774, -77.3052009, 49.734, 4.851, 0.005, 0.062, 0.0
2022-06-10T01:40:42.000Z, 38.5787735, -77.3052006, 49.825, 4.851, 0.005, 0.048, 0.0
2022-06-10T01:40:43.000Z, 38.578773, -77.305201, 49.878, 4.841, 0.005, 0.023, 0.0
2022-06-10T01:40:44.000Z, 38.5787727, -77.3052016, 49.868, 4.818, 0.005, 0.029, 0.0
2022-06-10T01:40:45.000Z, 38.5787719, -77.3052027, 49.93, 4.798, 0.005, 0.04, 0.0
2022-06-10T01:40:46.000Z, 38.5787716, -77.3052035, 49.917, 4.792, 0.005, 0.017, 0.0
2022-06-10T01:40:47.000Z, 38.5787715, -77.3052039, 49.821, 4.783, 0.005, 0.007, 0.0
2022-06-10T01:40:48.000Z, 38.5787714, -77.3052039, 49.729, 4.773, 0.005, 0.026, 0.0
2022-06-10T01:40:49.000Z, 38.578771, -77.3052039, 49.734, 4.759, 0.005, 0.026, 0.0
2022-06-10T01:40:50.000Z, 38.5787707, -77.305204, 49.74, 4.753, 0.005, 0.052, 0.0
2022-06-10T01:40:51.000Z, 38.5787702, -77.3052044, 49.745, 4.747, 0.005, 0.005, 0.0
2022-06-10T01:40:52.000Z, 38.5787695, -77.3052047, 49.753, 4.742, 0.005, 0.027, 0.0
2022-06-10T01:40:53.000Z, 38.5787688, -77.3052049, 49.805, 4.737, 0.005, 0.014, 0.0
2022-06-10T01:40:54.000Z, 38.5787682, -77.3052056, 49.917, 4.724, 0.005, 0.022, 0.0
2022-06-10T01:40:55.000Z, 38.5787671, -77.3052057, 50.073, 4.71, 0.005, 0.054, 0.0
2022-06-10T01:40:56.000Z, 38.578766, -77.3052054, 50.248, 4.695, 0.005, 0.025, 0.0
2022-06-10T01:40:57.000Z, 38.5787651, -77.3052051, 50.415, 4.685, 0.005, 0.018, 0.0
2022-06-10T01:40:58.000Z, 38.5787639, -77.3052051, 50.624, 4.673, 0.005, 0.016, 0.0
2022-06-10T01:40:59.000Z, 38.5787632, -77.3052049, 50.76, 4.665, 0.005, 0.025, 0.0
2022-06-10T01:41:00.000Z, 38.578763, -77.3052047, 50.763, 4.668, 0.005, 0.008, 0.0
2022-06-10T01:41:01.000Z, 38.5787625, -77.3052053, 50.919, 4.674, 0.005, 0.035, 0.0
2022-06-10T01:41:02.000Z, 38.5787615, -77.305204, 51.116, 4.685, 0.005, 0.179, 0.0
2022-06-10T01:41:03.000Z, 38.578761, -77.3052047, 51.099, 4.692, 0.005, 0.04, 0.0
2022-06-10T01:41:04.000Z, 38.5787609, -77.3052071, 51.014, 4.707, 0.005, 0.098, 0.0
2022-06-10T01:41:05.000Z, 38.5787603, -77.3052075, 51.031, 4.732, 0.005, 0.134, 0.0
2022-06-10T01:41:06.000Z, 38.5787599, -77.305209, 51.102, 4.762, 0.005, 0.019, 0.0
2022-06-10T01:41:07.000Z, 38.5787594, -77.3052102, 51.149, 4.782, 0.005, 0.048, 0.0
2022-06-10T01:41:08.000Z, 38.5787594, -77.3052116, 51.119, 4.806, 0.005, 0.023, 0.0
2022-06-10T01:41:09.000Z, 38.5787591, -77.3052127, 51.101, 4.833, 0.005, 0.037, 0.0
2022-06-10T01:41:10.000Z, 38.578759, -77.3052137, 51.157, 4.867, 0.005, 0.014, 0.0
2022-06-10T01:41:11.000Z, 38.5787592, -77.3052158, 51.104, 4.892, 0.005, 0.036, 0.0
2022-06-10T01:41:12.000Z, 38.5787592, -77.3052174, 51.126, 4.904, 0.005, 0.018, 0.0
2022-06-10T01:41:13.000Z, 38.5787595, -77.3052188, 51.054, 4.915, 0.005, 0.014, 0.0
2022-06-10T01:41:14.000Z, 38.5787596, -77.3052206, 51.05, 4.921, 0.005, 0.035, 0.0
2022-06-10T01:41:15.000Z, 38.5787596, -77.3052215, 51.078, 4.927, 0.005, 0.012, 0.0
2022-06-10T01:41:16.000Z, 38.5787592, -77.3052226, 51.166, 4.934, 0.005, 0.012, 0.0
2022-06-10T01:41:17.000Z, 38.5787584, -77.3052235, 51.334, 4.942, 0.005, 0.022, 0.0
2022-06-10T01:41:18.000Z, 38.5787577, -77.3052243, 51.438, 4.95, 0.005, 0.027, 0.0
2022-06-10T01:41:19.001Z, 38.578757, -77.3052244, 51.592, 4.966, 0.005, 0.018, 0.0
2022-06-10T01:41:20.000Z, 38.5787562, -77.3052252, 51.81, 4.973, 0.005, 0.031, 0.0
2022-06-10T01:41:21.000Z, 38.5787555, -77.3052256, 52.031, 4.98, 0.005, 0.017, 0.0
2022-06-10T01:41:22.000Z, 38.5787546, -77.3052256, 52.301, 4.986, 0.005, 0.021, 0.0
2022-06-10T01:41:23.000Z, 38.578754, -77.3052254, 52.575, 4.988, 0.005, 0.035, 0.0
2022-06-10T01:41:24.000Z, 38.5787532, -77.305225, 52.778, 4.988, 0.005, 0.027, 0.0
2022-06-10T01:41:26.000Z, 38.5787523, -77.3052243, 53.037, 4.968, 0.005, 0.015, 0.0
2022-06-10T01:41:27.000Z, 38.5787523, -77.3052244, 53.052, 4.967, 0.005, 0.017, 0.0
2022-06-10T01:41:28.000Z, 38.5787522, -77.3052242, 53.078, 4.978, 0.005, 0.012, 0.0
2022-06-10T01:41:29.000Z, 38.5787518, -77.3052234, 53.104, 4.99, 0.005, 0.012, 0.0
2022-06-10T01:41:30.000Z, 38.5787514, -77.3052234, 53.183, 5.001, 0.005, 0.004, 0.0
2022-06-10T01:41:31.000Z, 38.5787508, -77.3052226, 53.297, 4.986, 0.005, 0.005, 0.0
2022-06-10T01:41:32.000Z, 38.5787502, -77.3052193, 53.429, 4.856, 0.005, 0.003, 0.0
2022-06-10T01:41:33.000Z, 38.5787496, -77.3052169, 53.551, 4.796, 0.005, 0.014, 0.0
2022-06-10T01:41:34.000Z, 38.5787492, -77.3052149, 53.426, 4.743, 0.005, 0.02, 0.0
2022-06-10T01:41:35.000Z, 38.578749, -77.3052133, 53.307, 4.691, 0.005, 0.014, 0.0
2022-06-10T01:41:36.000Z, 38.5787494, -77.3052114, 53.124, 4.639, 0.005, 0.004, 0.0
2022-06-10T01:41:37.000Z, 38.5787503, -77.3052099, 52.777, 4.55, 0.005, 0.022, 0.0
2022-06-10T01:41:38.000Z, 38.5787506, -77.3052083, 52.441, 4.467, 0.005, 0.013, 0.0
2022-06-10T01:41:39.000Z, 38.5787512, -77.3052068, 52.009, 4.384, 0.005, 0.018, 0.0
2022-06-10T01:41:40.000Z, 38.5787521, -77.3052059, 51.439, 4.311, 0.005, 0.027, 0.0
2022-06-10T01:41:41.000Z, 38.5787527, -77.3052047, 51.026, 4.277, 0.005, 0.018, 0.0
2022-06-10T01:41:42.000Z, 38.5787539, -77.3052046, 50.49, 4.215, 0.005, 0.014, 0.0
2022-06-10T01:41:43.000Z, 38.5787549, -77.3052047, 49.938, 4.158, 0.005, 0.014, 0.0
2022-06-10T01:41:44.000Z, 38.578756, -77.305205, 49.381, 4.113, 0.005, 0.025, 0.0
2022-06-10T01:41:45.000Z, 38.5787568, -77.3052055, 48.875, 4.074, 0.005, 0.031, 0.0
2022-06-10T01:41:46.000Z, 38.5787576, -77.3052059, 48.381, 4.037, 0.005, 0.008, 0.0
2022-06-10T01:41:47.000Z, 38.5787586, -77.3052051, 47.589, 3.951, 0.005, 0.021, 0.0
2022-06-10T01:41:48.000Z, 38.5787595, -77.3052047, 46.891, 3.878, 0.005, 0.004, 0.0
